240 -50 60

normal

-30 -90
50 50

-45 -40
80 130

-25 90
50 80

walk

-30 -90
50 50

-45 -40
80 130

-25 90
50 80

back

-30 -90
50 50

-45 -40
80 130

-25 90
50 80

squat

-25 35
50 50

-40 85
80 115

jump

-30 -90
50 50

-45 -40
80 130

-25 90
50 80

damage_u

-30 -90
50 50

-45 -40
80 130

-25 90
50 80

damage_d

-30 -90
50 50

-45 -40
80 130

-25 90
50 80

damage_air

-30 -90
50 50

-45 -40
80 130

-25 90
50 80

damage_air2

-30 -90
50 50

-45 -40
80 130

-25 90
50 80

damage_squat

-25 35
50 50

-40 85
80 115

summon

-30 -90
50 50

-45 -40
80 130

-25 90
50 80

dash

-30 -90
50 50

-45 -40
80 130

-25 90
50 80

step

-30 -90
50 50

-45 -40
80 130

-25 90
50 80


guard

-30 -90
50 50

-45 -40
80 130

-25 90
50 80

guard_squat

-25 35
50 50

-40 85
80 115



normal

-50 -100
90 280

squat

-50 30
90 170

damage_u

-50 -100
90 280

damage_d

-50 -100
90 280

damage_squat

-50 30
90 170

guard

-50 -100
90 280

guard_squat

-50 30
90 170

dash

-50 -100
90 280

step

-50 -100
90 280
