0 0 0 0 0 0 0 0
0
2 1 0 0 0 30 0 0 1 0 0 0 0 20 0 20 2 15 1
0 0 0 0 0 0 0 0 0 0 0 0 0 0 0 0 0 0 0
0 0 0 0 0 0 0 0 0 0 0 0 0 0 0 0 0 0 0
0 0 0 0 0 0 0 0 0 0 0 0 0 0 0 0 0 0 0
0 0 0 0 0 0 0 0 0 0 0 0 0 0 0 0 0 0 0

0 0
0 0
0 0
0 0
30 2
0 0
0 0
0 0
0 0
0 0
0 0
0 0
0 0
0 0
0 0
0 0
0 0
0 0
0 0
0 0
0 0
0 0
0 0
0 0
0 0
0 0
0 0
0 0
0 0
0 0
0 0
0 0
0 0
50
0 145 -80 190 300
0 0
50
0 145 -80 190 300
0 0
50
0 145 -80 190 300
0 0
50
0 145 -80 190 300
0 0
0 0
0 0
0 0
0 0
0 0
0 0
0 0
0 0
0 0
0 0
30 3
0 0
0 0
0 0
0 0
0 0
0 0
0 0
0 0
0 0
0 0
