0 0 0 0 0 0 0 0
0
0 1 0 0 1 20 0 0 1 0 0 0 0 10 0 10 2 12 1
0 1 0 0 1 20 0 0 1 0 0 0 0 10 40 10 2 12 1
0 0 0 0 0 0 0 0 0 0 0 0 0 0 0 0 0 0 0
0 0 0 0 0 0 0 0 0 0 0 0 0 0 0 0 0 0 0
0 0 0 0 0 0 0 0 0 0 0 0 0 0 0 0 0 0 0

0 0
0 0
0 0
30 5
0 0
0 0
0 0
0 0
0 0
0 0
0 0
0 0
0 0
0 0
0 0
0 0
0 0
0 0
0 0
0 0
0 0
0 0
0 0
0 0
0 0
0 0
0 0
0 0
0 0
50
0 20 -30 300 100
0 0
0 0
0 0
0 0
50
0 90 -30 300 100
0 0
0 0
0 0
0 0
50
0 160 -30 300 100
0 0
0 0
0 0
0 0
50
0 90 -30 300 100
0 0
0 0
0 0
0 0
50
0 20 -30 300 100
0 0
0 0
0 0
0 0
0 0
0 0
0 0
0 0
0 0
0 0
0 0
0 0
0 0
0 0
0 0
0 0
0 0
0 0
0 0
0 0
0 0
0 0
30 3
0 0
0 0
0 0
