0 0 0 0 0 0 0 0
0
0 1 0 0 1 30 0 0 1 0 0 0 0 5 0 3 10 5 1
0 1 0 0 1 20 0 0 1 0 0 0 0 60 30 10 2 30 1
0 0 0 0 0 0 0 0 0 0 0 0 0 0 0 0 0 0 0
0 0 0 0 0 0 0 0 0 0 0 0 0 0 0 0 0 0 0
0 0 0 0 0 0 0 0 0 0 0 0 0 0 0 0 0 0 0

0 0
0 0
0 0
50
0 20 -30 300 300
0 0
0 0
0 0
0 0
0 0
50
0 20 -30 300 300
0 0
0 0
0 0
0 0
0 0
50
0 20 -30 300 300
0 0
0 0
0 0
0 0
0 0
50
0 20 -30 300 300
0 0
0 0
0 0
0 0
0 0
50
0 20 -30 300 300
0 0
0 0
0 0
0 0
0 0
50
0 20 -30 300 300
0 0
0 0
0 0
0 0
0 0
50
0 20 -30 300 300
0 0
0 0
0 0
0 0
0 0
50
0 20 -30 300 300
0 0
0 0
0 0
0 0
0 0
50
0 20 -30 300 300
0 0
0 0
0 0
0 0
0 0
50
0 20 -30 300 300
0 0
0 0
0 0
0 0
0 0
50
0 20 -30 300 300
0 0
0 0
0 0
0 0
0 0
0 0
0 0
0 0
0 0
0 0
0 0
0 0
0 0
0 0
50
1 20 -30 300 300
0 0
0 0
0 0
0 0
0 0
0 0
0 0
0 0
0 0
0 0
0 0
0 0
0 0
0 0
0 0
0 0
0 0
