0 0 0 0 0 0 0 0 0 0 0 0 0
0
0 0 0 10 0 20 14 0 14 6 3 1 1 0 0
0 0 0 0 0 0 0 0 0 0 0 0 0 0 0
0 0 0 0 0 0 0 0 0 0 0 0 0 0 0
0 0 0 0 0 0 0 0 0 0 0 0 0 0 0
0 0 0 0 0 0 0 0 0 0 0 0 0 0 0

0 0
11
-70 -70 100 150 1 2 1 40 0
0 0
12
-90 -180 600 400 1 1 10 40 0
0 0
13
-90 -180 600 400 1 1 30 40 0

0 0
0 0
0 0
0 0
0 0
0 0
0 0
0 0
30 3
0 0
0 0
0 0
0 0
0 0
0 0
20
0 40 -150 300 300
0 0
20
0 40 -150 300 300
0 0
20
0 40 -150 300 300
0 0
20
0 40 -150 300 300
0 0
20
0 40 -150 300 300
0 0
20
0 40 -150 300 300
0 0
20
0 40 -150 300 300
0 0
20
0 40 -150 300 300
0 0
20
0 40 -150 300 300
0 0
20
0 40 -150 300 300
0 0
20
0 40 -150 300 300
0 0
20
0 40 -150 300 300
0 0
20
0 40 -150 300 300
0 0
20
0 40 -150 300 300
0 0
20
0 40 -150 300 300
0 0
20
0 40 -150 300 300
0 0
20
0 40 -150 300 300
0 0
20
0 40 -150 300 300
0 0
20
0 40 -150 300 300
0 0
20
0 40 -150 300 300
0 0
20
0 40 -150 300 300
0 0
20
0 40 -150 300 300
0 0
20
0 40 -150 300 300
0 0
20
0 40 -150 300 300
0 0
20
0 40 -150 300 300
0 0
20
0 40 -150 300 300
0 0
20
0 40 -150 300 300