0 0 0 0 0 0
0 0 0 0 0 0
0 0 0 0 0 0
0 0 0 0 0 0
0 0 0 0 0 0
0
0
1
1 0 0 1 0
0
0
1
1 18 -20 1 0
0
0
1
1 35 -37 1 0
0
0
1
1 52 -56 1 0
0
0
1
1 67 -71 1 0
0
0
1
1 83 -86 1 0
0
0
1
1 97 -99 1 0
0
0
1
1 109 -110 1 0
0
0
1
1 120 -119 1 0
0
0
1
1 132 -127 1 0
0
0
1
1 142 -133 1 0
0
0
1
1 153 -138 1 0
0
0
1
1 161 -136 1 0
0
0
1
1 171 -130 1 0
0
0
1
1 183 -119 1 0
0
0
1
1 196 -107 1 0
0
0
1
1 211 -92 1 0
0
0
1
1 225 -75 1 0
0
0
1
1 239 -55 1 0
0
0
1
1 252 -36 1 0
0
0
1
1 265 -17 1 0
0
0
1
1 277 2 1 0
0
0
1
1 286 21 1 0
0
0
1
1 294 41 1 0
0
0
1
1 299 61 1 0

